,날짜,week,주간평균 내부온도,주간최소 내부온도,주간최대 내부온도,주간DIF 내부온도,주간GDD 내부온도,야간평균 내부온도,야간최소 내부온도,야간최대 내부온도,야간DIF 내부온도,야간GDD 내부온도,일출전후t시간평균 내부온도,일출전후t시간최소 내부온도,일출전후t시간최대 내부온도,일출전후t시간DIF 내부온도,일출전후t시간GDD 내부온도,일출부터정오평균 내부온도,일출부터정오최소 내부온도,일출부터정오최대 내부온도,일출부터정오DIF 내부온도,일출부터정오GDD 내부온도
0,2017-10-13,58,19.376388888888886,15.953333333333333,22.703333333333333,6.75,4.328333333333332,15.61972222222222,15.11,16.406666666666666,1.2966666666666662,0.7583333333333329,17.498055555555556,15.11,22.703333333333333,7.593333333333334,3.9066666666666663,18.224999999999998,15.953333333333333,21.47,5.516666666666667,3.711666666666666
1,2017-10-18,59,20.934,16.109999999999996,24.174,8.064,5.1419999999999995,15.842166666666667,14.958000000000002,17.208000000000002,2.25,1.082999999999999,18.388083333333334,14.958000000000002,24.174,9.216,4.566,19.612333333333336,16.109999999999996,23.264000000000003,7.154000000000001,4.686999999999999
2,2017-10-23,60,20.229666666666663,16.273999999999997,23.68,7.406000000000001,4.977,15.769666666666666,14.703999999999999,17.042,2.3380000000000005,0.873,17.999666666666666,14.703999999999999,23.68,8.976,4.191999999999999,18.825666666666667,16.273999999999997,21.67,5.396,3.9720000000000004
3,2017-10-28,61,19.949242424242424,15.95,23.574,7.624,4.762,15.697089743589743,15.047999999999998,16.634000000000004,1.5860000000000007,0.841,17.782333333333334,15.0,23.574,8.573999999999998,4.287000000000001,18.610999999999997,16.018,21.706,5.688,3.8619999999999997
4,2017-11-02,62,20.44163636363636,16.918,23.394,6.476000000000002,5.156000000000001,15.429230769230767,14.520000000000001,16.46,1.94,0.49000000000000055,17.726583333333334,14.520000000000001,23.394,8.873999999999999,3.9570000000000007,19.486333333333334,17.15,22.633999999999997,5.484000000000001,4.8919999999999995
5,2017-11-07,63,20.72981818181818,16.536,24.107999999999997,7.572,5.322000000000001,15.733076923076926,14.75,16.907999999999998,2.158000000000001,0.8290000000000003,18.023249999999997,14.75,24.107999999999997,9.358,4.429,19.4,16.536,22.254,5.717999999999999,4.3950000000000005
6,2017-11-12,64,19.992545454545457,15.84,23.732,7.892,4.786,15.21723076923077,14.672,15.811999999999998,1.1400000000000001,0.2580000000000002,17.405916666666666,14.672,23.732,9.06,4.202,18.654333333333334,15.84,21.75,5.909999999999999,3.794999999999999
7,2017-11-17,65,19.262,15.408000000000001,23.308,7.9,4.3580000000000005,15.213384615384616,14.440000000000001,16.172000000000004,1.7320000000000004,0.3060000000000002,17.069,14.440000000000001,23.308,8.867999999999999,3.8739999999999997,18.271333333333338,15.628,21.607999999999997,5.979999999999999,3.618
8,2017-11-22,66,18.15509090909091,15.004000000000001,21.47,6.465999999999999,3.2369999999999997,14.96876923076923,14.252,15.876,1.624,0.1240000000000002,16.429166666666667,14.252,21.47,7.217999999999999,2.8609999999999998,17.496000000000002,15.582000000000003,19.875999999999998,4.294000000000001,2.7290000000000005
9,2017-11-27,67,19.73810909090909,15.841999999999999,23.955999999999996,8.113999999999999,4.898999999999999,14.98568131868132,14.124,15.95,1.826000000000001,0.10400000000000027,17.12125,14.124,23.955999999999996,9.831999999999999,4.04,18.602533333333334,16.348000000000003,21.854,5.505999999999999,4.101000000000001
10,2017-12-02,68,19.6926,15.080000000000002,24.218,9.138,4.649,14.653285714285715,14.026,15.557999999999998,1.532,0.0,16.753,14.01,24.218,10.208000000000002,4.113999999999999,18.163600000000002,15.412,21.653999999999996,6.241999999999999,3.532999999999999
11,2017-12-07,69,17.93,14.534,21.71,7.175999999999999,3.122,14.385,13.441999999999998,15.680000000000001,2.2380000000000004,0.0,15.862083333333334,13.441999999999998,21.71,8.267999999999999,2.5759999999999996,17.206799999999998,14.866,19.988,5.122,2.4270000000000005
12,2017-12-12,70,18.6362,14.4,22.839999999999996,8.44,3.6199999999999997,14.628428571428572,13.9,15.724,1.8239999999999998,0.051000000000000156,16.298333333333336,13.9,22.839999999999996,8.940000000000001,3.37,17.72,15.506,20.896000000000004,5.390000000000001,3.2010000000000005
13,2017-12-17,71,18.33686666666667,14.378,22.518000000000004,8.140000000000002,3.4479999999999995,14.188714285714287,13.423999999999998,15.458000000000002,2.034,0.0,15.875272727272726,13.368,22.518000000000004,9.150000000000002,2.9430000000000005,17.28666666666667,15.270000000000001,20.322,5.052,2.7960000000000003
14,2017-12-22,72,18.772,12.94,22.9,9.959999999999999,2.919999999999998,14.285714285714286,13.56,16.1,2.540000000000001,0.0,16.155,12.94,22.9,9.959999999999999,2.919999999999998,18.003999999999998,16.32,20.75,4.43,3.535
15,2017-12-27,73,17.285800000000002,14.056000000000001,20.406,6.35,2.2310000000000003,13.935285714285715,13.157999999999998,15.382,2.224,0.0,15.331333333333333,13.157999999999998,20.406,7.248,1.7820000000000005,16.8524,15.158000000000001,19.046,3.8879999999999995,2.1020000000000003
16,2018-01-01,74,18.409750000000003,14.1525,23.152499999999996,9.0,3.6525,13.816857142857145,13.328,14.440000000000001,1.112,0.0,15.338083333333334,13.328,21.262,7.934,2.5550000000000006,17.349999999999998,15.3525,20.8575,5.505,3.1049999999999995
17,2018-01-06,75,17.541400000000003,14.36,20.75,6.39,2.5549999999999997,13.786142857142858,13.058000000000002,14.758,1.7,0.0,15.350833333333336,13.058000000000002,20.75,7.692,1.9039999999999995,17.0556,15.368,19.4,4.032,2.3840000000000003
18,2018-01-11,76,19.2822,15.164000000000001,23.61,8.446,4.3870000000000005,14.024571428571429,13.35,15.2,1.8500000000000003,0.0,16.21525,13.35,23.61,10.26,3.4799999999999995,17.8364,15.581999999999999,21.006,5.424000000000001,3.2939999999999996
19,2018-01-16,77,18.0764,14.878,21.292,6.414,3.085000000000001,13.694857142857142,13.01,14.773999999999997,1.7640000000000005,0.0,15.520500000000002,13.01,21.292,8.282,2.151,17.1928,15.398000000000001,19.012,3.614,2.205000000000001
20,2018-01-21,78,18.852800000000002,14.732,23.2,8.468,3.965999999999999,14.11742857142857,13.260000000000002,15.306000000000001,2.046,0.0,16.090500000000002,13.242,23.2,9.957999999999998,3.220999999999999,17.617600000000003,15.559999999999999,20.671999999999997,5.112,3.1160000000000005
21,2018-01-26,79,20.030199999999997,14.945999999999998,24.648000000000003,9.702000000000002,4.797,14.382857142857143,13.64,15.532,1.8920000000000006,0.0,16.735916666666665,13.64,24.648000000000003,11.008000000000001,4.144,18.6548,15.963999999999999,22.926000000000002,6.962000000000001,4.444999999999999
22,2018-01-31,80,19.47989090909091,14.506,24.526000000000003,10.02,4.516000000000001,14.2520989010989,13.425999999999998,15.322,1.8959999999999997,0.0,16.608250000000005,13.425999999999998,24.526000000000003,11.1,3.9760000000000004,18.3804,15.872,22.194000000000003,6.322000000000001,4.033
23,2018-02-05,81,20.044,15.276000000000002,25.088,9.812000000000001,5.182,14.699846153846156,13.925999999999998,15.794,1.8679999999999997,0.04600000000000008,17.149250000000002,13.925999999999998,25.088,11.161999999999999,4.507000000000001,18.7444,16.634,22.052,5.418,4.343
24,2018-02-10,82,19.039636363636365,14.703999999999999,23.57,8.866000000000001,4.137,14.390769230769232,13.488,15.687999999999999,2.2,0.0,16.5215,13.488,23.57,10.081999999999999,3.528999999999999,18.5272,16.374,21.964,5.589999999999999,4.168999999999999
25,2018-02-15,83,20.651090909090907,15.568000000000001,24.806,9.238,5.187,14.757384615384618,14.002,15.948000000000002,1.9460000000000002,0.03599999999999959,17.458666666666666,14.002,24.806,10.803999999999998,4.403999999999999,19.5688,16.851999999999997,22.928000000000004,6.076000000000001,4.889999999999999
26,2018-02-20,84,20.81309090909091,16.341999999999995,24.528,8.186,5.4350000000000005,14.892615384615386,14.172,16.395999999999997,2.224,0.2859999999999999,17.606166666666667,14.172,24.528,10.356,4.3500000000000005,19.762,17.208,22.637999999999998,5.430000000000001,4.923
27,2018-02-25,85,20.286545454545454,16.322,23.56,7.238000000000001,4.941,15.427538461538461,14.588,17.009999999999998,2.422,0.7989999999999992,17.654583333333335,14.575999999999999,23.56,8.984,4.068,19.6064,17.593999999999998,21.932,4.338,4.762999999999998
28,2018-03-02,86,22.47,17.302,26.794,9.492,7.048,15.934307692307693,15.065999999999999,17.662,2.595999999999999,1.364,18.929833333333335,15.065999999999999,26.794,11.728,5.9300000000000015,20.6412,17.302,22.997999999999998,5.696,5.15
29,2018-03-07,87,19.458,16.56,21.580000000000002,5.0200000000000005,4.069999999999999,15.492,14.604,17.11,2.506000000000001,0.8570000000000008,17.30975,14.604,21.580000000000002,6.975999999999999,3.0919999999999996,19.278,17.509999999999998,20.964,3.4539999999999997,4.236999999999999
30,2018-03-12,88,21.241636363636363,17.433999999999997,23.612000000000002,6.178,5.523000000000001,15.482000000000003,14.402000000000001,17.464,3.0620000000000003,0.9329999999999995,18.12183333333333,14.402000000000001,23.612000000000002,9.209999999999999,4.007,20.944799999999997,18.33,22.692,4.362,5.511
31,2018-03-17,89,18.557454545454544,15.85,20.516000000000002,4.6659999999999995,3.183,15.063999999999998,14.1,16.908,2.8079999999999994,0.5039999999999999,16.665166666666668,14.1,20.516000000000002,6.4159999999999995,2.308,19.1964,18.012,20.434000000000005,2.4220000000000006,4.223
32,2018-03-22,90,20.423272727272728,13.84,23.404,9.564000000000002,4.278,13.325538461538462,8.61,16.676,8.065999999999999,0.2800000000000008,16.57866666666667,8.61,23.404,14.794,2.3050000000000006,19.132799999999996,13.975999999999999,22.474,8.498000000000001,3.915
33,2018-03-27,91,21.527454545454543,18.226,24.028,5.802,6.126999999999999,15.680000000000001,14.794,17.465999999999998,2.671999999999999,1.1299999999999997,18.360083333333332,14.794,24.028,9.233999999999998,4.411,20.7592,18.576,23.594,5.018000000000001,6.084999999999999
34,2018-04-01,92,20.2845,16.718,22.968,6.250000000000002,4.843,15.681666666666667,14.508000000000001,17.973999999999997,3.466,1.240999999999999,17.983083333333333,14.508000000000001,22.968,8.460000000000003,3.7380000000000004,19.57266666666667,17.369999999999997,22.142,4.772,4.756000000000001
35,2018-04-06,93,19.833166666666664,16.25,22.714,6.464,4.482000000000001,15.591333333333333,14.518,16.736,2.218000000000001,0.6580000000000006,17.71225,14.518,22.714,8.196,3.6159999999999997,18.976,16.25,21.794,5.5440000000000005,4.022
36,2018-04-11,94,18.645333333333333,15.906,20.976,5.07,3.441,15.485500000000002,14.636,16.824,2.188000000000001,0.7300000000000008,17.065416666666664,14.636,20.976,6.339999999999999,2.806,18.631999999999998,16.426,20.726,4.3,3.5760000000000005
37,2018-04-16,95,21.714000000000002,16.894,25.508,8.614,6.201000000000002,15.501999999999999,14.841999999999999,16.722,1.8800000000000003,0.7820000000000004,18.608,14.841999999999999,25.508,10.666,5.175000000000001,20.721333333333334,16.99,24.522000000000002,7.532000000000001,5.756
38,2018-04-21,96,20.902833333333334,16.81,24.223999999999997,7.414,5.517,15.995499999999998,14.956,17.828,2.8719999999999994,1.392,18.449166666666663,14.956,24.223999999999997,9.267999999999999,4.59,20.151999999999997,17.279999999999998,22.604,5.324000000000001,4.942000000000001
39,2018-04-26,97,22.784666666666666,17.424,26.098000000000003,8.674,6.761,15.944999999999999,14.766,17.722,2.9560000000000004,1.2440000000000009,19.36483333333333,14.766,26.098000000000003,11.331999999999999,5.432,21.603666666666662,17.424,25.168,7.744,6.296000000000001
40,2018-05-01,98,21.677142857142858,15.642000000000001,25.808,10.166,5.7250000000000005,16.5904,14.845999999999998,18.262,3.4159999999999995,1.5540000000000003,19.55766666666667,14.845999999999998,25.808,10.962,5.327,21.10885714285714,16.333999999999996,24.708000000000006,8.373999999999999,5.521
41,2018-05-06,99,20.98042857142857,16.116000000000003,24.823999999999998,8.708000000000002,5.470000000000001,16.1898,15.254,17.454,2.1999999999999993,1.3539999999999996,18.984333333333332,15.23,24.823999999999998,9.594,5.026999999999999,19.61828571428571,16.116000000000003,22.794,6.678,4.455
42,2018-05-11,100,22.411,16.195999999999998,26.865999999999996,10.669999999999998,6.531000000000001,17.090799999999998,15.4,19.582,4.182,2.4910000000000005,20.194250000000004,15.4,26.865999999999996,11.466,6.132999999999999,20.766,16.195999999999998,25.398000000000003,9.202000000000002,5.797000000000001
43,2018-05-16,101,23.60957142857143,19.652,27.562,7.910000000000001,8.607000000000001,20.146400000000003,18.658,21.766,3.1079999999999997,5.212,22.166583333333328,18.637999999999998,27.96,9.322,8.299,23.38371428571429,20.15,27.316000000000003,7.166000000000001,8.733
44,2018-05-21,102,23.018714285714285,16.73,27.407999999999998,10.677999999999999,7.069,16.420799999999996,15.016,18.916,3.8999999999999995,1.9659999999999997,20.269583333333337,15.016,27.407999999999998,12.392,6.212000000000001,22.01942857142857,16.73,27.204,10.474,6.9670000000000005
45,2018-05-26,103,24.34057142857143,17.492,28.806,11.313999999999998,8.149000000000001,17.854800000000004,15.964000000000002,20.625999999999998,4.662,3.2950000000000004,21.638166666666663,15.964000000000002,28.806,12.842000000000002,7.385,22.80371428571429,17.492,27.753999999999998,10.261999999999997,7.623000000000002
46,2018-05-31,104,25.288428571428575,16.566,30.23,13.663999999999998,8.398,17.861,15.780000000000001,21.639999999999997,5.860000000000001,3.7099999999999995,22.193666666666665,15.780000000000001,30.23,14.45,8.004999999999999,22.953999999999997,16.566,28.906,12.34,7.7360000000000015
47,2018-06-05,105,,,,,,20.3,20.3,20.3,0.0,5.300000000000001,20.3,20.3,20.3,0.0,5.300000000000001,,,,,
